r2=0.7186841109377233
mse=4.033672571395265
mae=1.4327071159032407
